{
  "parameters": {
    "Endpoint": "{Endpoint}",
    "Ocp-Apim-Subscription-Key": "{API key}",
    "instanceId": "11111111-2222-3333-4444-000000000000",
    "modelId": "11223344-5555-6666-7777-000000000000",
    "inferenceId": "11111111-1111-1111-1111-000000000000",
    "Content-Type": "application/json",
    "body": {
      "kind": "multidimensional",
      "parameter": {
        "timestamp": "2021-06-04T00:00:00.000Z",
        "dimensionScope": {}
      }
    }
  },
  "responses": {
    "201": {
      "body": {
        "inferenceId": "11111111-1111-1111-1111-000000000000",
        "instanceId": "11111111-2222-3333-4444-000000000000",
        "modelId": "11223344-5555-6666-7777-000000000000",
        "kind": "multidimensional",
        "status": "scheduled",
        "createdDateTime": "2021-12-01T00:00:00.000Z",
        "lastModifiedDateTime": "2021-12-01T00:00:00.000Z",
        "parameter": {
          "timestamp": "2021-06-04T00:00:00.000Z",
          "dimensionScope": {}
        }
      }
    }
  }
}
